6.207523614,071.558882,   88.27390248,     80.963101,     0041.30149
     025.06953,      0076.7794, 00060.25115,     0080.387099,    065.650037
    00067.849373,   0000050.5591,      0087.553,     58.7893371,    0024.114
    0058.0125,     92.15516945,      0000089.2318,     80.19086663,   25.57583155
    000000053.22, 00026.49397,95.15701, 0008.1054416,      085.447082
0051.281,   000026.103,      072.95972,      17.8048666,64.6170527
    91.6757504,00024.971,      0086.4135,     80.39115813,  0024.7540445
   0097.4863,95.973344, 31.77019437,   00082.433938,    00082.0263
     90.52510205,  00071.2015,      00047.019,      000065.458,000017.91
0095.822,    092.8784553,   24.54578,  00096.6081,   023.752513
     054.3822, 0093.451, 075.7419296,   057.78218,  37.06578183
71.06992887,  000029.959,     0000079.254,  00074.388613,   49.99745063
    0011.6757,  88.39715506,     0019.484,      18.16052706,  59.14335665
    00087.5707,      0086.781,   08.167067703,    000080.719,     0085.90391
056.803682, 000034.257,    20.44618699,   00077.185301,000034.1057
  088.76966123,  0037.1517,     027.48059308,  0083.434417,   086.04854
  2.0275214,     062.8638411,     0073.30967,    000064.8456,      00000092.782
    00037.289759,000068.82622,  0052.303935,      0025.238124,   018.3833764
  89.697837,  018.3664261,    8.239415927,010.37382,36.39693874
  058.6141, 0072.32599,     000021.0307,   000054.41,     0033.1206
     21.81705,     030.3000604,     007.836998,    0000029.783,      00000093.928
   02.582814,   0058.2247,      19.3410699,  95.198822,0000076.511
      07.843734,2.64604067,      00083.482, 000068.85833, 2.4096595
 0000073.0045, 0014.417878,    83.3315299,     99.7236502,  0000083.173
    0056.7734,80.9702352,  28.20074597,  35.6540612,   00079.811
      00061.921,  95.39910199,  0058.0269,73.5544895, 12.00501
 32.833283,  0098.077091,      00000060.076, 62.7914267,  77.0355264
     0093.41566, 0000077.8106,    00063.769, 0058.054024,    16.4929625
  70.0729204,      0096.172,     003.4397075,      035.325123,23.88266041
  070.5709316,   0067.731795, 0000025.898,    000025.7757,   08.6263025
  00041.06859,   00038.26821,     030.5545,    015.290618,56.22512485
    25.202728,  00086.06199,    030.9664058,    080.86699295,      13.07149579
      0062.60464,   83.44287597,78.20807198,0000073.107,   026.416328
     00087.165,      58.6027526,     071.2588, 0099.9237,000098.1106
  00072.96652,     0024.31321,7.9518579,     00073.166,  58.954341
  014.96349588,    42.14129546,    038.3802912,      00022.1259,     0008.50963
   83.253677,0066.92067,  00000025.053,  85.60453175, 30.86002023
      35.282629,      00052.28217,    56.95673862, 77.1935218,   035.918432
  010.12904,      091.396005,   0079.7571824,  0078.1437,     37.86202
49.02981632,     76.9907579,      031.67333,   00091.71186,   71.2616634
 59.04265683,0077.69552,     7.40759016,000051.101,    0099.99554
     097.120953,0063.47233,    000040.8127,   000014.58,    0067.168
062.2046,     00073.924644,00066.540746,00024.94222,      00052.392
 0000061.814, 23.559212,  0093.724,   53.467386,00044.61546
 70.32735029,      0086.109569,    000091.0403,94.03968479,      0.1709037075
   000086.7228,    0066.714,   88.6912725,  0037.4170727,0055.473823
  9.049335258,      28.7927504,   000051.266,  94.83657993,      03.42353449
     00000050.974,    38.65458464,    023.903075,0000000067.6,      048.4492244
 0000063.8298,      0000040.2433,   093.56782004,  034.8398,      0000062.151
  078.02994,     00030.883,      60.39431972, 0018.6052589,    33.0688294
     0035.7365,    00039.719, 63.89561009,   11.35167562,    045.178469
     28.91460978, 000080.776,    0000059.499,      0079.684,     000022.87695
      74.96252406,    00048.956,  0022.52873, 0098.888329,      33.80027
 000085.72,  005.7813599,    0023.327902,     44.22360063,    0036.0353476
      0000020.847,00.42498025,      00055.3792,   0000045.973,      0084.1268
  27.354052,    000060.98,      38.200422,  64.791355,000040.4291
    0001.853332,  000015.8029,     00012.3546,    000082.37544,     00057.36894
0000016.122,     50.4447591,   000047.418,087.917775,    45.6167574
    00034.65,      22.6343742, 32.02071059,   024.90175625, 5.795073
028.51089915,   000077.1082,     55.528302,     0034.4276929,    5.704025664
 3.74755062, 00000035.711,      72.88903646,      63.44463416,      00043.811498
    00049.263,  0000059.645,      78.719565,   00000090.984,     0049.2729
0008.31989,    00000097.092, 00073.959,4.5726414,  00054.7045
      14.1745555,      0012.92021,    0000075.1765,     00052.9945,     50.5566046
  59.3933841,   65.9143899, 0035.5111,   11.458848,49.51353989
   67.9421928,00013.4022,0000066.265,      0071.6905823,   000013.78983
 61.08126139,  000096.656,    46.761653,      000050.831,  00006.237462
  49.4054945,057.949276,     91.247502,     043.5803299, 91.27872093
     0062.462665,    026.5151,     000027.01087,     0000062.6285,   000021.49744
    20.97048035,026.1529143,  095.83158,    0056.2296,000096.3039
 0000011.225, 0029.87812,      0085.894163,   000012.1712,   00000048.22
     0028.48499, 000049.10402,     73.3873334, 000004.9566,   25.4115271
0037.7312276,    25.98868, 89.9251009, 000075.09592, 0097.9478
     84.91115,     053.0937,   84.85189546,  82.09289,     000010.4665
      0047.52273,054.31221217, 56.17760959,  015.9869,     00048.668638
    97.209866,00075.941778,     048.58616,      000032.001,     16.090858
  00000011.148,    0088.218, 015.8460146,000056.47204,   44.1168519
  00070.553, 0039.77822,000032.01667, 000046.81235,  0000074.66
24.45721351,071.71435511,    60.846089,   0000032.152, 00038.96936
  0000091.3659,     00056.511,  089.9946401, 0064.0884, 000021.74572
    31.9854174, 1.420155,   058.15588,   41.86537674,     41.958539
     00095.14213,      063.102471,    00030.233829, 63.28747228,    000001.5753
     75.53593452,0000070.7358, 099.144559,00000064.224,    0079.386
  0000061.915,  0077.125,27.5609011,  0000062.3591, 20.8965513
0038.417479,    000036.46646,   1.8697972,      000096.54869,  48.9976229
    0000015.8, 0000001.477,    6.003144251, 0000043.3348,     2.6219495
  00019.39443,    075.2343983,     00048.259,    000076.7663,00000045.827
   00000034.625,      19.17146,   062.13255,73.54768096,  00015.945
063.9229919,    0000078.9057,00000097.606,   043.41599,      81.8091296
      0043.8298087,     0081.1932802, 0065.065237, 33.74636322, 0065.40865
70.95749,92.3269838,  0005.81503, 4.974244965,0064.6285393
      053.77362,074.51684,016.21688,   00000082.121,     0000088.106
 83.969538,    0009.43076,0000007.0088, 052.7003048,    34.7651007
   000064.17146,    3.8627702,0021.727867,      000001.0092,  68.8279875
0000030.6653, 6.467779196, 60.1968166,      63.9543371,      0090.212
     0059.933076,   022.1205,  00039.552,     0087.213088,  0074.3747338
    0066.1993121,      000069.6012,089.2842806,      000091.07976, 0078.3928747
 00090.755759,   77.88911841,26.81821285,      040.802913,     0000070.227
    013.66188649,     85.31754485,   78.8428778,   73.19952, 000088.12577
  55.88396956, 15.469805,      0075.506,     53.50781,  000008.93468
