# Midterm Dataset
# ['Tue Apr 29 13:54:21 PDT 2014']
# 
 11.459  23.207  17.161  33.074  21.476
 34.751  11.120  31.457  16.966  24.451
 20.480  21.501  35.965  25.340  24.112
 24.969  23.503  20.024  24.996  16.340
 33.114  18.619  29.529  33.692  16.985
 29.944  35.408  35.033  23.427  28.871
 18.790  23.740  15.110  30.797  30.379
 20.665  23.650  15.256  30.628  21.451
 27.156  26.794  22.955  19.442  22.274
 26.337  15.283  16.648  34.001  17.804
 33.757  29.276  11.836  22.092  13.017
 18.838  11.108  18.742  29.049  21.417
 20.963  27.682  19.060  25.862  16.006
 31.223  21.143  32.098  20.948  13.397
 25.277  23.608  27.873  16.628  25.182
 13.748  26.487  35.001  13.860  17.171
 20.618  19.614  24.582  31.041  28.716
 16.316  28.264  34.399  35.544  31.481
 11.856  22.344  26.845  19.821  24.639
 30.181  28.867  28.774  21.541  18.921
 25.716  12.436  22.004  18.698  26.197
 19.981  20.441  15.219  19.178  19.020
 13.253  30.223  18.967  21.860  16.413
 15.323  19.114  32.673  35.116  28.653
 26.405  25.636  14.611  14.646  30.670
 23.248  11.580  23.811  12.455  22.215
 22.877  27.147  21.661  15.304  29.300
 24.803  12.461  18.117  22.046  13.603
 32.791  21.598  35.813  22.973  22.666
 13.553  28.926  29.093  33.785  33.206
 31.015  30.845  20.374  31.950  23.062
 36.167  26.304  28.198  22.012  35.312
 25.001  26.921  17.199  21.447  30.849
 28.101  32.027  13.230  35.398  20.003
 31.238  36.074  19.201  14.201  15.145
 19.215  14.261  30.552  32.197  34.636
 35.165  33.323  11.452  31.782  15.220
 17.308  10.879  32.401  33.322  31.496
 20.917  16.405  17.005  20.744  21.011
 27.174  10.946  17.413  10.756  15.970
 25.566  28.503  18.591  12.561  20.753
 35.535  29.176  26.805  21.277  36.044
 28.973  23.674  16.206  22.537  11.726
 34.647  15.093  28.326  13.508  32.921
 13.445  18.545  22.323  17.955  30.935
 26.753  23.566  23.158  29.960  26.542
 11.148  17.571  19.320  26.053  15.266
 25.877  26.775  15.323  21.910  22.813
 18.600  22.097  26.092  11.411  13.360
 14.833  15.543  17.137  32.281  27.623
 29.058  13.661  18.857  31.792  18.338
 25.828  33.350  26.432  24.792  17.769
 28.753  30.845  33.734  11.221  18.096
 10.737  29.881  17.236  20.901  17.429
 27.257  24.879  26.037  17.232  16.309
 25.595  11.669  34.908  29.342  16.640
 30.148  12.271  19.534  14.530  29.575
 22.725  29.290  11.999  19.807  14.038
 34.417  12.591  32.992  33.271  10.923
 14.856  26.594  19.876  11.265  27.368
 34.948  28.777  31.307  33.875  18.744
 11.082  15.333  12.654  23.489  24.629
 21.874  31.494  18.706  22.234  28.849
 23.665  33.638  27.732  17.677  20.438
 26.220  27.696  20.927  20.753  28.334
 12.383  20.311  23.678  27.539  27.504
 19.084  28.424  18.551  23.120  25.800
 19.222  21.496  17.158  30.128  25.530
 28.106  21.285  21.647  24.395  21.707
 34.181  32.503  25.160  30.577  28.910
 23.172  15.777  28.938  31.519  22.105
 27.834  19.747  27.775  27.949  13.722
 33.509  13.510  16.540  29.351  28.726
 11.522  14.689  24.423  18.834  32.107
 23.276  32.517  29.526  16.585  33.014
 22.984  33.187  28.577  30.680  23.475
 15.062  18.755  31.511  19.547  19.652
 26.777  31.756  26.798  35.755  11.131
 35.545  31.959  34.611  16.444  34.576
 33.049  12.412  21.514  15.532  28.988
 35.297  26.570  14.860  32.756  25.484
 33.290  22.539  23.810  32.128  16.286
 11.953  33.670  14.629  20.724  21.920
 21.215  30.023  30.234  18.753  11.478
 22.660  22.737  12.037  30.263  26.356
 13.957  16.989  29.837  17.358  15.712
 14.980  26.184  18.016  27.341  20.446
 21.929  32.946  34.644  21.078  29.397
 35.428  29.369  17.530  13.116  29.401
 30.133  22.106  18.882  26.903  25.030
 21.950  14.319  28.505  30.453  13.226
 23.477  13.865  21.701  30.838  29.751
 27.821  28.643  35.544  14.569  16.264
 27.156  14.745  16.283  35.500  35.957
 13.098  17.332  26.879  21.337  31.795
 15.572  27.581  20.374  11.815  18.723
 24.562  36.135  12.355  12.401  35.357
 19.244  35.089  24.274  28.244  12.239
 25.742  22.209  28.166  32.211  34.738
 25.792  20.186  14.271  18.683  23.419
